num crossings	time (s)	maj axis (mm)	min axis (mm)	theta (rad )	slope (V/s)
2355	2497.141567	35.973748	13.267888	3.671906	4.755024
2357	2499.231964	35.921747	13.180791	3.672587	4.689119
2359	2501.318455	35.821617	13.173454	3.673360	4.901501
2361	2503.410881	35.899405	13.102946	3.672928	5.237328
2363	2505.497489	35.676118	12.973506	3.678828	4.385642
2365	2507.593371	35.621014	13.042265	3.679895	4.172058
2367	2509.686451	35.527960	13.067952	3.684307	4.520187
2369	2511.775347	35.586190	13.026680	3.684642	4.289181
2371	2513.869322	35.487359	13.007701	3.687642	4.547023
2373	2515.957213	35.499225	12.961205	3.690181	4.325827
2375	2518.048803	35.391000	12.956139	3.693284	4.236589
2377	2520.138651	35.443405	12.854576	3.695198	4.614113
2379	2522.224785	35.382758	12.950228	3.701878	4.004235
2381	2524.319424	35.350173	12.825741	3.697380	4.272024
2383	2526.406675	35.363320	12.887401	3.696697	4.125431
2385	2528.498292	35.238636	12.869673	3.702159	4.452478
2387	2530.584988	35.129265	12.731035	3.706272	4.499260
2389	2532.669781	35.056967	12.745554	3.710448	4.301232
2391	2534.755419	35.127265	12.688942	3.704085	4.077071
2393	2536.838672	35.007099	12.664361	3.703284	4.409806
2395	2538.921777	34.979037	12.650516	3.703487	3.977114
2397	2541.006721	34.914381	12.641148	3.696654	3.921346
2399	2543.092554	34.830918	12.626514	3.696313	3.920441
2401	2545.177549	34.781269	12.571215	3.694070	3.959889
2403	2547.266163	34.725874	12.663139	3.696922	4.449308
2405	2549.358812	34.706994	12.635038	3.697858	4.503657
2407	2551.450594	34.556410	12.574423	3.705475	4.222233
2409	2553.542919	34.648709	12.653181	3.706456	4.440093
2411	2555.635148	34.545357	12.598408	3.709650	4.233089
2413	2557.723169	34.545703	12.588890	3.713625	4.329336
2415	2559.812422	34.496690	12.580822	3.716102	4.377003
2417	2561.902529	34.445879	12.553908	3.718698	4.085759
2421	2566.075662	34.323108	12.496580	3.725993	4.123694
2423	2568.167583	34.218180	12.427014	3.731174	4.056051
2425	2570.258816	34.107003	12.418154	3.730517	4.146682
2427	2572.351180	33.953411	12.396333	3.735076	4.332019
2429	2574.444486	33.878080	12.361300	3.736602	4.266990
2431	2576.540590	33.873308	12.351491	3.735630	4.090141
2433	2578.636075	33.810049	12.320935	3.736194	4.121833
2435	2580.729914	33.813464	12.371820	3.739883	4.396596
2439	2584.917441	33.801255	12.284169	3.743306	4.150884
2441	2587.007971	33.780532	12.266703	3.744500	4.055902
2443	2589.104339	33.828648	12.249368	3.742377	4.046517
2445	2591.191033	33.796857	12.252535	3.746631	4.033258
2447	2593.283877	33.789767	12.263819	3.750301	4.082206
2449	2595.374321	33.787183	12.259022	3.751352	4.021314
2451	2597.461514	33.732800	12.247721	3.752127	3.255942
2453	2599.551969	33.629260	12.125006	3.759031	3.920828
2455	2601.643309	33.555045	12.164199	3.760983	3.682792
2457	2603.733214	33.556185	12.166787	3.762449	3.939204
2459	2605.820802	33.615281	12.210357	3.764387	3.588287
2461	2607.912595	33.377222	11.969298	3.774340	4.042373
2463	2609.998223	33.480639	11.955873	3.764913	3.678349
2465	2612.083626	33.392768	12.043460	3.767703	3.892105
2467	2614.167121	33.385109	12.020242	3.767464	3.840513
2469	2616.254918	33.227112	11.988030	3.765756	3.393052
2471	2618.339032	33.230429	11.979674	3.766310	3.892052
2473	2620.423664	33.235746	11.975505	3.763753	3.777689
2477	2624.595434	33.076865	11.928866	3.763303	4.084819
2479	2626.684927	33.006699	11.902702	3.762295	4.033683
2481	2628.774528	33.117882	11.938043	3.763882	4.021179
2483	2630.859776	32.733167	11.883241	3.764578	4.991947
2485	2632.958443	32.917873	11.886067	3.764746	3.665760
2487	2635.041982	33.079277	11.734829	3.764256	4.135407
2489	2637.131632	32.804945	11.869693	3.773265	3.848675
2491	2639.226527	32.841414	11.841554	3.774654	4.015009
2493	2641.313459	32.757445	11.869758	3.778384	4.084573
2495	2643.401209	32.789231	11.784429	3.780379	3.202513
2497	2645.490916	32.662976	11.806024	3.783002	4.062211
2499	2647.576805	32.376730	11.701554	3.803372	3.990060
2501	2649.668948	32.615074	11.742508	3.784820	4.915552
2503	2651.762304	32.449283	11.586860	3.793716	3.441284
2505	2653.856737	32.347560	11.640242	3.798838	3.802713
2507	2655.951234	32.245820	11.618169	3.801231	3.755317
2509	2658.044446	32.170272	11.585532	3.801418	3.528017
2511	2660.136051	32.262844	11.609934	3.800459	3.652551
2513	2662.232140	32.072068	11.575257	3.803705	3.425791
2515	2664.326064	32.113757	11.549161	3.805567	3.732895
2517	2666.418085	32.195058	11.506624	3.804944	3.763018
2519	2668.512898	32.024870	11.482102	3.812464	3.482766
2521	2670.602768	32.261479	11.535209	3.810410	3.498543
2523	2672.694604	31.936491	11.455206	3.809583	5.212519
2525	2674.782555	32.173761	11.444905	3.816049	5.624397
2527	2676.874852	32.016385	11.427480	3.816566	3.750491
2529	2678.963182	32.100592	11.486422	3.815772	4.297326
2531	2681.048349	32.026012	11.530832	3.816979	3.937704
2533	2683.138168	31.827835	11.427539	3.824306	4.303748
2535	2685.230629	31.974250	11.425273	3.817180	5.266981
2537	2687.312074	31.824083	11.331281	3.826490	2.975871
2539	2689.393067	31.843327	11.349221	3.821673	3.795137
2541	2691.481386	31.697944	11.294090	3.819905	3.451012
2543	2693.567381	31.712394	11.268894	3.820095	3.626126
2545	2695.650487	31.685511	11.235174	3.815871	3.696231
2547	2697.737421	31.553238	11.305978	3.818950	4.025779
2549	2699.827897	31.560958	11.280937	3.819430	3.470433
2551	2701.916627	31.541935	11.221417	3.818560	3.602761
2553	2704.006596	31.453728	11.267782	3.820533	3.647255
2555	2706.099155	31.370829	11.265874	3.822512	3.790101
2557	2708.189137	31.429153	11.245480	3.823265	3.460968
2559	2710.279141	31.446472	11.278549	3.832380	3.580618
2561	2712.362854	31.380945	11.254040	3.825625	4.214936
2563	2714.457195	31.169952	11.189042	3.842631	3.753879
2565	2716.547202	31.276450	11.111624	3.834603	3.855091
2567	2718.635458	31.210922	11.143632	3.839841	3.705093
2569	2720.724979	31.191421	11.158106	3.839869	3.518217
2571	2722.815020	31.129511	11.171245	3.845319	3.563298
2573	2724.900015	31.020976	11.061511	3.847709	3.463800
2575	2726.995834	30.926610	11.046090	3.850016	3.451708
2577	2729.085937	30.875897	11.064238	3.854104	3.536248
2579	2731.180341	30.677740	11.122055	3.863183	3.451588
2581	2733.277427	30.767996	10.937088	3.859650	3.403291
2583	2735.373269	30.700528	10.914287	3.857990	3.424119
2585	2737.464364	30.830643	10.829293	3.858196	3.494361
2587	2739.555592	30.561747	10.856739	3.866548	3.607059
2589	2741.650072	30.679992	10.882134	3.860314	3.476457
2591	2743.743613	30.610376	10.851430	3.865051	3.122614
2593	2745.826348	30.769231	10.838906	3.864589	3.426811
2595	2747.926808	30.613016	10.812453	3.864968	3.541860
2597	2750.014976	30.649285	10.786924	3.869687	3.452263
2599	2752.111953	30.610707	10.778037	3.870301	3.416739
2601	2754.192714	30.467258	10.731648	3.874260	3.422243
2603	2756.279758	30.518789	10.729511	3.873064	3.472286
2605	2758.369470	30.465988	10.669376	3.875248	3.283996
2607	2760.456047	30.540273	10.679306	3.875114	3.822600
2609	2762.539213	30.286744	10.703080	3.874900	1.193565
2611	2764.623733	30.450683	10.718504	3.873753	2.496701
2613	2766.712484	30.277869	10.669295	3.874493	3.571928
2615	2768.798517	30.282772	10.664628	3.873512	4.218244
2617	2770.883749	30.272966	10.608857	3.871979	3.961624
2619	2772.982423	30.084181	10.588966	3.871273	3.176957
2621	2775.064291	30.091981	10.573427	3.873725	2.274080
2623	2777.153750	30.237276	10.555434	3.874526	4.190545
2625	2779.242544	29.983390	10.574992	3.877567	3.803792
2627	2781.338214	29.989303	10.540783	3.878816	4.336372
2629	2783.424569	30.064293	10.555642	3.879696	5.262857
2631	2785.519959	30.000711	10.567817	3.884142	3.314344
2633	2787.608624	29.944695	10.480752	3.885800	3.367702
2635	2789.693533	29.887130	10.444339	3.891948	3.311649
2637	2791.781938	29.891257	10.501586	3.891652	3.473685
2639	2793.874107	29.800472	10.426939	3.894677	3.174631
2641	2795.958344	29.747035	10.412463	3.894780	2.533032
2643	2798.053076	29.674562	10.357954	3.900007	2.983741
2645	2800.142741	29.615946	10.273215	3.908042	3.210554
2647	2802.233605	29.562441	10.268844	3.906721	3.816368
2649	2804.325441	29.601922	10.277411	3.907095	4.377902
2651	2806.419646	29.394664	10.241713	3.907552	3.385241
2653	2808.513776	29.409338	10.198752	3.908330	3.043918
2655	2810.606723	29.529476	10.121378	3.913639	2.798939
2657	2812.701448	29.249721	10.091068	3.912204	4.299421
2659	2814.787808	29.456602	10.185061	3.912550	1.346705
2661	2816.880546	29.374257	10.135939	3.913256	2.681349
2663	2818.970962	29.375668	10.108213	3.914970	3.129402
2665	2821.060449	29.307529	10.067069	3.919666	3.239940
2667	2823.149499	29.302730	10.085324	3.918345	2.726035
2669	2825.236738	29.278387	10.056877	3.918014	3.013850
2671	2827.325511	29.238062	9.987376	3.920768	3.061820
2673	2829.409352	29.165608	9.988867	3.921720	3.148746
2675	2831.504803	29.123239	9.887483	3.926025	2.913760
2677	2833.588006	29.190935	9.996776	3.919498	3.118176
2679	2835.674873	29.141320	9.929653	3.917208	3.261191
