num crossings	time (s)	maj axis (mm)	min axis (mm)	theta (rad )	slope (V/s)
3045	3222.449288	31.439027	-15.310301	-0.775325	1.290501
3047	3224.525544	31.375481	-15.177750	-0.752480	3.148321
3049	3226.617816	31.160496	-15.177777	-0.762974	3.286902
3051	3228.701446	31.179776	-15.172758	-0.752044	2.092547
3053	3230.791131	30.988688	-15.138880	-0.754347	2.297940
3055	3232.879880	30.936897	-15.134410	-0.757544	1.977249
3057	3234.970103	30.999382	-15.088353	-0.762868	2.772810
3059	3237.069734	30.761962	-14.994510	-0.790059	2.350551
3061	3239.171130	30.549243	-14.903527	-0.782073	2.687007
3063	3241.278363	30.457101	-14.862901	-0.763829	3.162138
3065	3243.370982	30.823018	-14.922714	-0.757715	3.363912
3067	3245.452602	31.034573	-15.042673	-0.773371	3.035937
3069	3247.520817	31.216292	-15.032505	-0.795749	3.024146
3071	3249.590370	30.942435	-14.984014	-0.767928	3.304960
3073	3251.693182	30.527757	-14.815085	-0.800831	2.890507
3075	3253.795783	30.286336	-14.620695	-0.789559	2.351572
3077	3255.909642	30.424650	-14.588417	-0.767874	2.218318
3079	3258.005451	30.598244	-14.704718	-0.764835	2.290995
3081	3260.081752	30.798340	-14.750413	-0.778505	2.992033
3083	3262.159811	30.765290	-14.684292	-0.793545	2.515265
3085	3264.235571	30.757246	-14.633322	-0.798208	2.458892
3087	3266.317226	30.671251	-14.554681	-0.788776	2.495117
3089	3268.390086	30.654314	-14.526991	-0.750315	2.755596
3091	3270.478558	30.496463	-14.452427	-0.747564	3.047634
3093	3272.563512	30.306223	-14.410596	-0.735873	2.854911
3095	3274.659828	30.293142	-14.336491	-0.752171	3.122964
3097	3276.755880	30.244730	-14.295236	-0.770390	3.070968
3099	3278.862726	30.063473	-14.338736	-0.795283	3.060563
3101	3280.965005	29.976965	-14.319002	-0.806401	2.953946
3103	3283.069240	30.021533	-14.305710	-0.814851	2.983472
3105	3285.162644	30.374701	-14.337708	-0.820164	2.503044
3107	3287.235303	30.660296	-14.230214	-0.807432	2.432982
3109	3289.304949	30.656890	-14.089069	-0.791170	2.753568
3111	3291.375144	30.667204	-13.983170	-0.750398	2.319896
3113	3293.458675	30.119120	-13.930758	-0.735338	2.478231
3115	3295.560123	29.853276	-13.988166	-0.771483	2.874739
3117	3297.669971	29.723882	-14.030568	-0.806248	2.882778
3119	3299.777609	29.843592	-14.006052	-0.815761	3.021539
3121	3301.874966	30.048355	-13.956547	-0.816647	2.866980
3123	3303.962646	30.173284	-13.922580	-0.813058	2.721849
3125	3306.041933	30.230951	-13.905470	-0.804676	2.663043
3127	3308.121879	30.197996	-13.862205	-0.800685	2.407987
3129	3310.210203	30.122428	-13.829350	-0.799479	2.609828
3131	3312.297202	29.996534	-13.810467	-0.798497	2.632912
3133	3314.386789	29.937269	-13.729470	-0.799975	2.410838
3135	3316.483231	29.828915	-13.700322	-0.797321	2.460192
3137	3318.580469	29.766234	-13.636770	-0.791242	2.840016
3139	3320.679464	29.767660	-13.601543	-0.787888	2.702097
3141	3322.771335	29.817439	-13.596963	-0.787171	2.690870
3143	3324.853830	29.945375	-13.602575	-0.792393	2.811312
3145	3326.929231	30.040345	-13.630142	-0.801694	3.094263
3147	3329.001211	30.099594	-13.592554	-0.815664	3.005613
3149	3331.073331	29.958490	-13.593014	-0.789300	2.796714
3151	3333.156798	29.830584	-13.521294	-0.780358	2.638616
3153	3335.253704	29.583673	-13.411255	-0.795556	2.621242
3155	3337.363049	29.401849	-13.313644	-0.813639	2.458104
3157	3339.470348	29.380192	-13.226528	-0.798759	2.610211
3159	3341.568367	29.522184	-13.296977	-0.790688	2.547147
3161	3343.657461	29.594696	-13.286414	-0.794299	2.652035
3163	3345.746141	29.619781	-13.254745	-0.801843	2.529534
3165	3347.824637	29.561044	-13.256226	-0.807330	2.768484
3167	3349.912543	29.478167	-13.210206	-0.810918	2.935140
3169	3351.998348	29.401022	-13.139278	-0.814377	2.716754
3171	3354.088647	29.247498	-13.088990	-0.817636	2.764713
3173	3356.184905	29.287278	-13.066464	-0.821832	2.758335
3175	3358.284523	29.236558	-13.026910	-0.823356	2.726287
3177	3360.374342	29.336733	-13.013112	-0.830387	2.749170
3179	3362.462766	29.549482	-13.004117	-0.829211	2.592497
3181	3364.547743	29.623870	-12.970053	-0.824396	2.555103
3183	3366.620486	29.725595	-12.921374	-0.817209	2.478862
3185	3368.692770	29.686981	-12.832144	-0.807125	2.576288
3187	3370.771300	29.558543	-12.737597	-0.786822	2.435560
3189	3372.849479	29.259309	-12.695678	-0.760857	2.682306
3191	3374.946265	29.207185	-12.717906	-0.777358	2.763597
3193	3377.055607	28.983331	-12.702968	-0.813554	2.738433
3195	3379.155025	29.067731	-12.723117	-0.821736	2.833295
3197	3381.255402	28.939089	-12.668087	-0.830926	2.602692
3199	3383.351598	29.024785	-12.629335	-0.829706	2.675681
3201	3385.448243	29.033232	-12.615121	-0.829509	2.787832
3203	3387.535999	29.133721	-12.582732	-0.826695	2.605014
3205	3389.623997	29.125409	-12.559091	-0.826458	2.704453
3207	3391.713641	29.098244	-12.519566	-0.821176	2.503946
3209	3393.798537	29.094753	-12.506759	-0.817996	2.544620
3211	3395.888671	28.968671	-12.448352	-0.816840	2.546987
3213	3397.983838	28.967095	-12.432236	-0.813942	2.696686
3215	3400.076968	29.039490	-12.373753	-0.813524	2.729537
3217	3402.162999	28.938198	-12.365841	-0.816272	2.599877
3219	3404.249103	28.948979	-12.315334	-0.813980	2.644015
3221	3406.334918	28.914556	-12.311901	-0.818527	2.746419
3223	3408.410584	28.954628	-12.255925	-0.823137	2.596967
3225	3410.490677	28.947274	-12.269568	-0.832583	2.667556
3227	3412.567505	28.982037	-12.247287	-0.833546	2.700862
3229	3414.646652	28.998685	-12.220318	-0.818774	2.634098
3231	3416.730558	28.907098	-12.183854	-0.808746	2.493863
3233	3418.819068	28.882178	-12.151404	-0.809908	2.778097
3235	3420.913792	28.515923	-12.116122	-0.821580	2.619638
3237	3423.018848	28.716514	-12.018206	-0.830660	2.503868
3239	3425.117002	28.178720	-11.991757	-0.824435	2.651174
3241	3427.218553	28.481405	-11.964174	-0.815561	2.669452
3243	3429.317498	28.505718	-11.948390	-0.815319	2.467664
3245	3431.410905	28.537164	-11.957795	-0.817491	2.547645
3247	3433.498315	28.521694	-11.915640	-0.821804	2.629541
3249	3435.589018	28.445287	-11.899467	-0.826046	2.619233
3251	3437.675789	28.433215	-11.854649	-0.830094	2.577684
3253	3439.765111	28.422972	-11.822942	-0.833361	2.618379
3255	3441.854301	28.389603	-11.799496	-0.836187	2.668223
3257	3443.945944	28.421342	-11.779450	-0.838832	2.445850
3259	3446.029713	28.546453	-11.738824	-0.838618	2.640657
3261	3448.112776	28.539167	-11.727951	-0.838167	2.520461
3263	3450.188744	28.640172	-11.692980	-0.832403	2.473921
3265	3452.266185	28.570238	-11.666358	-0.826586	2.681961
3267	3454.341497	28.568353	-11.589094	-0.812576	2.284406
3269	3456.424064	28.418198	-11.517377	-0.795302	2.508226
3271	3458.508578	28.219230	-11.492330	-0.783149	2.525893
3273	3460.603432	28.050757	-11.501380	-0.798274	2.661663
3275	3462.695445	27.987899	-11.478289	-0.806988	2.837893
3277	3464.791436	27.940862	-11.465551	-0.827158	2.467878
3279	3466.889475	27.902162	-11.454356	-0.838297	2.517005
3281	3468.989476	27.870079	-11.413044	-0.840611	2.636582
3283	3471.088230	27.869987	-11.392540	-0.842414	2.630787
3285	3473.177955	27.845993	-11.358494	-0.842484	2.502305
3287	3475.268963	27.730859	-11.299585	-0.841647	2.309526
3289	3477.362289	27.964487	-11.359453	-0.843903	2.477813
3291	3479.451854	27.851675	-11.270200	-0.840343	2.581693
3293	3481.540617	27.875181	-11.221414	-0.839953	2.501866
3295	3483.629827	27.842833	-11.195743	-0.841599	2.473000
3297	3485.718756	27.797298	-11.174733	-0.838446	2.492850
3299	3487.807658	27.816534	-11.138480	-0.838004	2.575747
3301	3489.895196	27.856413	-11.125771	-0.835893	2.472735
3303	3491.984744	27.874100	-11.051736	-0.841585	2.458120
3305	3494.065322	27.788534	-11.050355	-0.840271	2.395436
3307	3496.149776	27.848837	-11.031270	-0.842578	2.513091
3309	3498.230588	27.860566	-11.007936	-0.843732	2.624266
3311	3500.311302	27.816704	-10.968332	-0.846606	2.508305
3313	3502.395050	27.878745	-10.927532	-0.835994	2.509043
3315	3504.476794	27.797830	-10.923955	-0.820965	2.581648
3317	3506.564062	27.735354	-10.933740	-0.817339	2.354011
3319	3508.653457	27.761287	-10.865773	-0.819471	2.238831
3321	3510.746396	27.664575	-10.846898	-0.829385	2.342039
3323	3512.837815	27.528402	-10.807658	-0.832331	2.542034
3325	3514.938408	27.458520	-10.757266	-0.848795	2.325441
3327	3517.037299	27.377818	-10.717868	-0.842721	2.391766
3329	3519.136262	27.349993	-10.714214	-0.837499	2.340228
3331	3521.233430	27.378211	-10.691297	-0.833997	2.499603
3333	3523.327210	27.412281	-10.670242	-0.835876	2.392160
3335	3525.419303	27.428278	-10.637342	-0.838437	2.292310
3337	3527.511316	27.403206	-10.629303	-0.842074	2.522515
3339	3529.601927	27.390356	-10.613158	-0.845152	2.421583
3341	3531.688753	27.402338	-10.579502	-0.847699	2.503954
3343	3533.776904	27.377021	-10.570208	-0.851230	2.621360
3345	3535.863694	27.419407	-10.542307	-0.851687	2.541879
3347	3537.946286	27.432529	-10.532800	-0.850916	2.446068
3349	3540.032369	27.423871	-10.506235	-0.850099	2.390841
3351	3542.111647	27.645326	-10.476729	-0.846774	2.192591
3353	3544.186179	27.494122	-10.421787	-0.844688	2.169901
3355	3546.265042	27.464938	-10.364201	-0.828423	2.300927
