num crossings	time (s)	maj axis (mm)	min axis (mm)	theta (rad )	slope (V/s)
1975	2096.185093	34.910844	13.323602	-1.599416	3.935029
1977	2098.270326	34.587259	13.147487	-1.597766	4.711976
1979	2100.357397	34.380938	13.087723	-1.603682	3.373896
1981	2102.455358	34.427907	13.066831	-1.601760	3.932741
1983	2104.550537	34.348144	12.999781	-1.611072	4.990809
1985	2106.636144	34.606598	12.944162	-1.608013	4.387863
1987	2108.722357	34.576139	12.863797	-1.611249	4.408413
1989	2110.805721	34.509648	12.857094	-1.614962	4.549479
1991	2112.897669	34.378529	12.777521	-1.620730	4.264219
1993	2114.985139	34.010055	12.800990	-1.619644	3.606045
1995	2117.096706	33.743951	12.834749	-1.610087	4.780047
1997	2119.203683	33.801061	12.796581	-1.592423	4.146810
1999	2121.296182	34.291735	12.628815	-1.585826	4.089399
2001	2123.374083	34.633329	12.473744	-1.601520	4.036014
2003	2125.445763	34.508656	12.498503	-1.612125	5.063892
2005	2127.522854	34.254369	12.511012	-1.622152	3.730098
2007	2129.610827	33.677473	12.600519	-1.613604	4.029834
2009	2131.728410	33.512557	12.495824	-1.595979	4.582246
2011	2133.832372	33.775270	12.513135	-1.585861	4.285335
2013	2135.921704	34.184296	12.367484	-1.587712	4.565748
2015	2138.007506	34.245443	12.389775	-1.594449	3.508711
2017	2140.084073	34.269492	12.341145	-1.596878	3.996361
2019	2142.167405	34.147904	12.298678	-1.595043	3.665350
2021	2144.255035	34.059460	12.228347	-1.598927	4.148237
2023	2146.335695	34.005881	12.190295	-1.594225	3.778182
2025	2148.426954	33.841530	12.254739	-1.595377	3.259397
2027	2150.522007	33.672927	12.155183	-1.594054	3.798422
2029	2152.614185	33.500446	12.112732	-1.595329	3.346890
2031	2154.714347	33.632935	12.032777	-1.601010	3.576707
2033	2156.816004	33.513511	12.128750	-1.608098	3.095105
2035	2158.906402	33.677607	12.030922	-1.609488	3.968615
2037	2160.992868	33.900253	12.061172	-1.606429	3.806315
2039	2163.065284	33.955712	12.143997	-1.591843	4.350919
2041	2165.136712	33.932605	12.064821	-1.574772	3.598397
2043	2167.225685	33.709998	11.909550	-1.565468	4.332263
2045	2169.319034	33.329992	11.765211	-1.573533	4.030713
2047	2171.425761	33.156828	11.671306	-1.588429	3.740074
2049	2173.533922	33.282255	11.759964	-1.597961	3.481496
2051	2175.623366	33.402784	11.787118	-1.605687	5.143777
2053	2177.707166	33.590860	11.876889	-1.594196	4.024558
2055	2179.788898	33.612381	11.862633	-1.587887	2.702786
2057	2181.868038	33.527808	11.713726	-1.578456	4.328550
2059	2183.946287	33.447718	11.596909	-1.574438	3.685709
2061	2186.032083	33.451294	11.537529	-1.573782	3.850572
2063	2188.120196	33.317810	11.525511	-1.575761	4.073164
2065	2190.206431	33.258613	11.429804	-1.578676	3.713660
2067	2192.303669	33.159902	11.401887	-1.581608	3.896389
2069	2194.393741	33.022437	11.364276	-1.580403	3.928959
2071	2196.493890	32.923189	11.346501	-1.576000	4.155859
2073	2198.597580	32.871289	11.352424	-1.567827	3.915543
2075	2200.695232	32.953986	11.346058	-1.564780	4.019468
2077	2202.788713	33.117795	11.168330	-1.564935	4.612872
2079	2204.869658	33.395067	11.119662	-1.565246	3.904931
2081	2206.949264	33.527607	11.146545	-1.572114	3.824625
2083	2209.024245	33.469833	11.036303	-1.577155	3.353799
2085	2211.100731	33.232222	11.018845	-1.583670	4.353826
2087	2213.189228	32.913057	11.006150	-1.584847	3.874620
2089	2215.289855	32.604158	11.038833	-1.577941	3.843304
2091	2217.392751	32.559942	10.983666	-1.567783	4.049072
2093	2219.497262	32.706855	10.960739	-1.559070	3.874013
2095	2221.592548	32.852189	10.870295	-1.559837	3.978758
2097	2223.680561	32.931210	10.831057	-1.562268	3.952405
2099	2225.768715	32.928221	10.782831	-1.566718	3.694230
2101	2227.857885	32.939440	10.748184	-1.566868	3.837894
2103	2229.946796	32.815142	10.742116	-1.572974	4.133281
2105	2232.039181	32.794719	10.711382	-1.572116	3.775237
2107	2234.126101	32.742126	10.670326	-1.576467	3.744643
2109	2236.214014	32.779761	10.691576	-1.575458	3.831369
2111	2238.299549	32.799407	10.645073	-1.574106	3.948800
2113	2240.378523	32.860135	10.709251	-1.564217	3.615504
2115	2242.454228	32.853151	10.725703	-1.553146	3.681028
2117	2244.531919	32.769452	10.587255	-1.546553	3.573364
2119	2246.622150	32.713148	10.437683	-1.544188	3.714444
2121	2248.716714	32.431506	10.420030	-1.547779	3.724201
2123	2250.818966	32.186306	10.356357	-1.556998	4.142841
2125	2252.921166	32.173208	10.309532	-1.566716	3.489709
2127	2255.017239	32.346165	10.307643	-1.569204	3.909811
2129	2257.112106	32.399037	10.323433	-1.569084	3.754666
2131	2259.202052	32.435934	10.336624	-1.568198	3.801044
2133	2261.289350	32.406115	10.319178	-1.564589	3.707645
2135	2263.373259	32.441141	10.295546	-1.557743	3.666957
2137	2265.458439	32.302981	10.280305	-1.557228	3.656857
2139	2267.543635	32.221984	10.215734	-1.554853	3.732149
2141	2269.629991	32.166778	10.151028	-1.553645	3.631347
2143	2271.721532	32.056876	10.129863	-1.553892	3.743032
2145	2273.814551	32.077697	10.134794	-1.547813	3.845460
2147	2275.903624	32.019754	10.086165	-1.549849	3.516743
2149	2278.000108	31.912356	10.069054	-1.550431	3.645810
2151	2280.099412	31.935349	9.972393	-1.543989	4.347889
2153	2282.187545	32.065760	9.952080	-1.542517	4.144332
2155	2284.276355	32.192898	9.879427	-1.542557	4.055790
2157	2286.358450	32.212550	9.912793	-1.546069	3.662029
2159	2288.440193	32.285232	9.760124	-1.545094	3.341969
2161	2290.517328	32.297946	9.718289	-1.548534	3.897902
2163	2292.597083	32.272393	9.696747	-1.552989	3.521400
2165	2294.678666	32.152957	9.644481	-1.554467	3.615529
2167	2296.765150	31.818811	9.641646	-1.560976	3.830212
2169	2298.855545	31.725622	9.639899	-1.553447	3.822109
2171	2300.957300	31.609266	9.626201	-1.548017	3.678199
2173	2303.057787	31.484438	9.775669	-1.541902	3.501931
2175	2305.153893	31.552317	9.625388	-1.541031	4.381269
2177	2307.250974	31.593822	9.580533	-1.539762	3.343526
2179	2309.345324	31.614987	9.507632	-1.541014	3.700405
2181	2311.435565	31.647059	9.478769	-1.542578	3.464281
2183	2313.524257	31.659821	9.415412	-1.544600	3.844545
2185	2315.612518	31.634563	9.411492	-1.546600	3.643220
2187	2317.701297	31.658444	9.395636	-1.546344	3.808251
2189	2319.784763	31.667169	9.416161	-1.543288	3.619168
2191	2321.866662	31.709198	9.394953	-1.539973	3.540561
2193	2323.948611	31.699741	9.389038	-1.534928	3.691338
2195	2326.028285	31.669990	9.376643	-1.529237	3.606561
2197	2328.109965	31.610127	9.333628	-1.525964	3.546486
2199	2330.196941	31.525695	9.237561	-1.525990	2.958538
2201	2332.289230	31.363148	9.151465	-1.525936	3.548390
2203	2334.385655	31.260701	9.074075	-1.528963	3.660313
2205	2336.482237	31.136903	9.047767	-1.533787	3.362678
2207	2338.583433	31.202312	9.001461	-1.536532	3.311216
2209	2340.677927	31.271118	9.012217	-1.535583	2.999312
2211	2342.773173	31.200198	8.987948	-1.542291	3.475549
2213	2344.864118	31.198336	8.985407	-1.542780	3.628888
2215	2346.957526	31.206077	8.907207	-1.540572	3.603067
2217	2349.048484	31.166091	8.924348	-1.540557	3.495004
2219	2351.136309	31.139217	8.895737	-1.538061	3.486017
2221	2353.224346	31.173995	8.864772	-1.535319	3.432662
2223	2355.315240	31.071957	8.895815	-1.533823	3.780788
2225	2357.403442	30.978634	8.878773	-1.532384	3.574583
2227	2359.497854	30.944543	8.828872	-1.533409	3.652844
2229	2361.581646	30.917261	8.746279	-1.530623	3.453573
2231	2363.673908	30.865652	8.723970	-1.526440	3.378899
2233	2365.762515	30.925686	8.707621	-1.527436	3.561732
2235	2367.849308	30.921036	8.700941	-1.525315	3.438066
2237	2369.937572	30.942716	8.679772	-1.525799	3.395015
2239	2372.024189	30.925892	8.625059	-1.526257	3.287797
2241	2374.110987	30.899511	8.526532	-1.526456	3.359453
2243	2376.192760	31.047803	8.535554	-1.521706	3.384229
2245	2378.277504	30.948209	8.561317	-1.526049	3.188059
2247	2380.359173	30.925487	8.492849	-1.529538	3.195906
2249	2382.442405	30.867177	8.429247	-1.531801	3.250984
2251	2384.525185	30.828974	8.371852	-1.532542	3.191328
2253	2386.608865	30.769729	8.390940	-1.530612	3.592018
2255	2388.699543	30.576908	8.406113	-1.533228	3.162616
2257	2390.791340	30.477567	8.481578	-1.528266	3.387361
2259	2392.886923	30.349849	8.350434	-1.526350	3.405868
2261	2394.983125	30.267576	8.349403	-1.523594	3.563001
